   1  108
1 1
     0.217255126058512    -0.000000000000000     0.000000000000000
    -0.000000000000000     0.217255126058512     0.000000000000000
     0.000000000000000     0.000000000000000     0.217255126058512
1 2
     0.002459983505561     0.000000000000000     0.000000000000000
     0.000000000000000    -0.030166942370485    -0.031896018217641
     0.000000000000000    -0.031896018217641    -0.030166942370485
1 3
     0.000328021204815    -0.000000000000000    -0.000000000000000
    -0.000000000000000     0.000955582479029     0.000802601144314
    -0.000000000000000     0.000802601144314     0.000955582479029
1 4
     0.000112297011204    -0.000000000000000    -0.000000000000000
    -0.000000000000000     0.000275068239172     0.000000000000000
    -0.000000000000000     0.000000000000000     0.000275068239172
1 5
     0.000328021204815    -0.000000000000000    -0.000000000000000
    -0.000000000000000     0.000955582479029     0.000802601144314
    -0.000000000000000     0.000802601144314     0.000955582479029
1 6
     0.002459983505561     0.000000000000000     0.000000000000000
     0.000000000000000    -0.030166942370485    -0.031896018217641
     0.000000000000000    -0.031896018217641    -0.030166942370485
1 7
    -0.030166942370485    -0.000000000000000    -0.031896018217641
    -0.000000000000000     0.002459983505561     0.000000000000000
    -0.031896018217641     0.000000000000000    -0.030166942370485
1 8
    -0.000294430836499     0.000585539361826     0.000142735762011
     0.000585539361826    -0.000294430836499     0.000142735762011
     0.000142735762011     0.000142735762011     0.000521573631448
1 9
    -0.000053251382017     0.000207933061448    -0.000000000000000
     0.000207933061448    -0.000017001487527     0.000000000000000
    -0.000000000000000     0.000000000000000     0.000223308149425
1 10
    -0.000053251382017    -0.000000000000000    -0.000207933061448
    -0.000000000000000     0.000223308149425     0.000000000000000
    -0.000207933061448     0.000000000000000    -0.000017001487527
1 11
    -0.000294430836499    -0.000142735762011    -0.000585539361826
    -0.000142735762011     0.000521573631448     0.000142735762011
    -0.000585539361826     0.000142735762011    -0.000294430836499
1 12
    -0.030166942370485     0.031896018217641    -0.000000000000000
     0.031896018217641    -0.030166942370485     0.000000000000000
    -0.000000000000000     0.000000000000000     0.002459983505561
1 13
     0.000955582479029    -0.000000000000000     0.000802601144314
    -0.000000000000000     0.000328021204815     0.000000000000000
     0.000802601144314     0.000000000000000     0.000955582479029
1 14
    -0.000017001487527     0.000207933061448    -0.000000000000000
     0.000207933061448    -0.000053251382017     0.000000000000000
    -0.000000000000000     0.000000000000000     0.000223308149425
1 15
     0.000119677259719     0.000016066689833    -0.000016066689833
     0.000016066689833     0.000119677259719    -0.000016066689833
    -0.000016066689833    -0.000016066689833     0.000119677259719
1 16
    -0.000017001487527    -0.000000000000000    -0.000207933061448
    -0.000000000000000     0.000223308149425     0.000000000000000
    -0.000207933061448     0.000000000000000    -0.000053251382017
1 17
     0.000955582479029    -0.000802601144314    -0.000000000000000
    -0.000802601144314     0.000955582479029     0.000000000000000
    -0.000000000000000     0.000000000000000     0.000328021204815
1 18
     0.000521573631448    -0.000142735762011     0.000142735762011
    -0.000142735762011    -0.000294430836499    -0.000585539361826
     0.000142735762011    -0.000585539361826    -0.000294430836499
1 19
     0.000275068239172    -0.000000000000000     0.000000000000000
    -0.000000000000000     0.000112297011204     0.000000000000000
     0.000000000000000     0.000000000000000     0.000275068239172
1 20
     0.000223308149425     0.000000000000000     0.000000000000000
     0.000000000000000    -0.000053251382017    -0.000207933061448
     0.000000000000000    -0.000207933061448    -0.000017001487527
1 21
     0.000223308149425     0.000000000000000     0.000000000000000
     0.000000000000000    -0.000017001487527    -0.000207933061448
     0.000000000000000    -0.000207933061448    -0.000053251382017
1 22
     0.000275068239172    -0.000000000000000     0.000000000000000
    -0.000000000000000     0.000275068239172     0.000000000000000
     0.000000000000000     0.000000000000000     0.000112297011204
1 23
     0.000223308149425     0.000000000000000     0.000000000000000
     0.000000000000000    -0.000017001487527    -0.000207933061448
     0.000000000000000    -0.000207933061448    -0.000053251382017
1 24
     0.000223308149425     0.000000000000000     0.000000000000000
     0.000000000000000    -0.000053251382017    -0.000207933061448
     0.000000000000000    -0.000207933061448    -0.000017001487527
1 25
     0.000955582479029    -0.000000000000000     0.000802601144314
    -0.000000000000000     0.000328021204815     0.000000000000000
     0.000802601144314     0.000000000000000     0.000955582479029
1 26
     0.000521573631448    -0.000142735762011     0.000142735762011
    -0.000142735762011    -0.000294430836499    -0.000585539361826
     0.000142735762011    -0.000585539361826    -0.000294430836499
1 27
     0.000955582479029    -0.000802601144314    -0.000000000000000
    -0.000802601144314     0.000955582479029     0.000000000000000
    -0.000000000000000     0.000000000000000     0.000328021204815
1 28
    -0.000017001487527    -0.000000000000000    -0.000207933061448
    -0.000000000000000     0.000223308149425     0.000000000000000
    -0.000207933061448     0.000000000000000    -0.000053251382017
1 29
     0.000119677259719     0.000016066689833    -0.000016066689833
     0.000016066689833     0.000119677259719    -0.000016066689833
    -0.000016066689833    -0.000016066689833     0.000119677259719
1 30
    -0.000017001487527     0.000207933061448    -0.000000000000000
     0.000207933061448    -0.000053251382017     0.000000000000000
    -0.000000000000000     0.000000000000000     0.000223308149425
1 31
    -0.030166942370485    -0.000000000000000    -0.031896018217641
    -0.000000000000000     0.002459983505561     0.000000000000000
    -0.031896018217641     0.000000000000000    -0.030166942370485
1 32
    -0.030166942370485     0.031896018217641    -0.000000000000000
     0.031896018217641    -0.030166942370485     0.000000000000000
    -0.000000000000000     0.000000000000000     0.002459983505561
1 33
    -0.000294430836499    -0.000142735762011    -0.000585539361826
    -0.000142735762011     0.000521573631448     0.000142735762011
    -0.000585539361826     0.000142735762011    -0.000294430836499
1 34
    -0.000053251382017    -0.000000000000000    -0.000207933061448
    -0.000000000000000     0.000223308149425     0.000000000000000
    -0.000207933061448     0.000000000000000    -0.000017001487527
1 35
    -0.000053251382017     0.000207933061448    -0.000000000000000
     0.000207933061448    -0.000017001487527     0.000000000000000
    -0.000000000000000     0.000000000000000     0.000223308149425
1 36
    -0.000294430836499     0.000585539361826     0.000142735762011
     0.000585539361826    -0.000294430836499     0.000142735762011
     0.000142735762011     0.000142735762011     0.000521573631448
1 37
    -0.030166942370485    -0.031896018217641    -0.000000000000000
    -0.031896018217641    -0.030166942370485    -0.000000000000000
    -0.000000000000000    -0.000000000000000     0.002459983505561
1 38
    -0.000294430836499     0.000142735762011     0.000585539361826
     0.000142735762011     0.000521573631448     0.000142735762011
     0.000585539361826     0.000142735762011    -0.000294430836499
1 39
    -0.000053251382017     0.000000000000000     0.000207933061448
     0.000000000000000     0.000223308149425    -0.000000000000000
     0.000207933061448    -0.000000000000000    -0.000017001487527
1 40
    -0.000053251382017    -0.000207933061448    -0.000000000000000
    -0.000207933061448    -0.000017001487527    -0.000000000000000
    -0.000000000000000    -0.000000000000000     0.000223308149425
1 41
    -0.000294430836499    -0.000585539361826    -0.000142735762011
    -0.000585539361826    -0.000294430836499     0.000142735762011
    -0.000142735762011     0.000142735762011     0.000521573631448
1 42
    -0.030166942370485     0.000000000000000     0.031896018217641
     0.000000000000000     0.002459983505561    -0.000000000000000
     0.031896018217641    -0.000000000000000    -0.030166942370485
1 43
     0.000521573631448     0.000142735762011     0.000142735762011
     0.000142735762011    -0.000294430836499     0.000585539361826
     0.000142735762011     0.000585539361826    -0.000294430836499
1 44
     0.000119677259719     0.000016066689833     0.000016066689833
     0.000016066689833     0.000119677259719     0.000016066689833
     0.000016066689833     0.000016066689833     0.000119677259719
1 45
     0.000025017844837     0.000000000000000     0.000000000000000
     0.000000000000000    -0.000172897591985    -0.000000000000000
     0.000000000000000    -0.000000000000000    -0.000172897591985
1 46
     0.000119677259719    -0.000016066689833    -0.000016066689833
    -0.000016066689833     0.000119677259719     0.000016066689833
    -0.000016066689833     0.000016066689833     0.000119677259719
1 47
     0.000521573631448    -0.000142735762011    -0.000142735762011
    -0.000142735762011    -0.000294430836499     0.000585539361826
    -0.000142735762011     0.000585539361826    -0.000294430836499
1 48
     0.002914714415505    -0.000000000000000     0.000000000000000
    -0.000000000000000    -0.000080530331165    -0.000000000000000
     0.000000000000000    -0.000000000000000    -0.000080530331165
1 49
     0.000223308149425    -0.000000000000000     0.000000000000000
    -0.000000000000000    -0.000053251382017     0.000207933061448
     0.000000000000000     0.000207933061448    -0.000017001487527
1 50
    -0.000172897591985     0.000000000000000     0.000000000000000
     0.000000000000000     0.000025017844837    -0.000000000000000
     0.000000000000000    -0.000000000000000    -0.000172897591985
1 51
    -0.000172897591985     0.000000000000000    -0.000000000000000
     0.000000000000000    -0.000172897591985    -0.000000000000000
    -0.000000000000000    -0.000000000000000     0.000025017844837
1 52
     0.000223308149425    -0.000000000000000     0.000000000000000
    -0.000000000000000    -0.000017001487527     0.000207933061448
     0.000000000000000     0.000207933061448    -0.000053251382017
1 53
    -0.000187851013002     0.000000000000000     0.000000000000000
     0.000000000000000    -0.000048624209505    -0.000000000000000
     0.000000000000000    -0.000000000000000    -0.000235526795091
1 54
    -0.000187851013002     0.000000000000000    -0.000000000000000
     0.000000000000000    -0.000235526795091    -0.000000000000000
    -0.000000000000000    -0.000000000000000    -0.000048624209505
1 55
    -0.000017001487527    -0.000207933061448    -0.000000000000000
    -0.000207933061448    -0.000053251382017    -0.000000000000000
    -0.000000000000000    -0.000000000000000     0.000223308149425
1 56
     0.000119677259719    -0.000016066689833     0.000016066689833
    -0.000016066689833     0.000119677259719    -0.000016066689833
     0.000016066689833    -0.000016066689833     0.000119677259719
1 57
    -0.000017001487527     0.000000000000000     0.000207933061448
     0.000000000000000     0.000223308149425    -0.000000000000000
     0.000207933061448    -0.000000000000000    -0.000053251382017
1 58
     0.000955582479029     0.000802601144314     0.000000000000000
     0.000802601144314     0.000955582479029     0.000000000000000
     0.000000000000000     0.000000000000000     0.000328021204815
1 59
     0.000521573631448     0.000142735762011    -0.000142735762011
     0.000142735762011    -0.000294430836499    -0.000585539361826
    -0.000142735762011    -0.000585539361826    -0.000294430836499
1 60
     0.000955582479029    -0.000000000000000    -0.000802601144314
    -0.000000000000000     0.000328021204815     0.000000000000000
    -0.000802601144314     0.000000000000000     0.000955582479029
1 61
    -0.000294430836499    -0.000585539361826     0.000142735762011
    -0.000585539361826    -0.000294430836499    -0.000142735762011
     0.000142735762011    -0.000142735762011     0.000521573631448
1 62
    -0.000294430836499    -0.000142735762011     0.000585539361826
    -0.000142735762011     0.000521573631448    -0.000142735762011
     0.000585539361826    -0.000142735762011    -0.000294430836499
1 63
    -0.000048624209505     0.000000000000000     0.000000000000000
     0.000000000000000    -0.000187851013002    -0.000000000000000
     0.000000000000000    -0.000000000000000    -0.000235526795091
1 64
    -0.000294430836499     0.000142735762011    -0.000585539361826
     0.000142735762011     0.000521573631448    -0.000142735762011
    -0.000585539361826    -0.000142735762011    -0.000294430836499
1 65
    -0.000294430836499     0.000585539361826    -0.000142735762011
     0.000585539361826    -0.000294430836499    -0.000142735762011
    -0.000142735762011    -0.000142735762011     0.000521573631448
1 66
    -0.000048624209505     0.000000000000000     0.000000000000000
     0.000000000000000    -0.000235526795091    -0.000000000000000
     0.000000000000000    -0.000000000000000    -0.000187851013002
1 67
     0.002459983505561    -0.000000000000000     0.000000000000000
    -0.000000000000000    -0.030166942370485     0.031896018217641
     0.000000000000000     0.031896018217641    -0.030166942370485
1 68
    -0.000080530331165    -0.000000000000000    -0.000000000000000
    -0.000000000000000     0.002914714415505     0.000000000000000
    -0.000000000000000     0.000000000000000    -0.000080530331165
1 69
    -0.000235526795091     0.000000000000000    -0.000000000000000
     0.000000000000000    -0.000187851013002    -0.000000000000000
    -0.000000000000000    -0.000000000000000    -0.000048624209505
1 70
     0.000328021204815    -0.000000000000000     0.000000000000000
    -0.000000000000000     0.000955582479029    -0.000802601144314
     0.000000000000000    -0.000802601144314     0.000955582479029
1 71
    -0.000235526795091     0.000000000000000    -0.000000000000000
     0.000000000000000    -0.000048624209505    -0.000000000000000
    -0.000000000000000    -0.000000000000000    -0.000187851013002
1 72
    -0.000080530331165     0.000000000000000    -0.000000000000000
     0.000000000000000    -0.000080530331165     0.000000000000000
    -0.000000000000000     0.000000000000000     0.002914714415505
1 73
     0.000955582479029     0.000802601144314     0.000000000000000
     0.000802601144314     0.000955582479029     0.000000000000000
     0.000000000000000     0.000000000000000     0.000328021204815
1 74
    -0.000017001487527     0.000000000000000     0.000207933061448
     0.000000000000000     0.000223308149425    -0.000000000000000
     0.000207933061448    -0.000000000000000    -0.000053251382017
1 75
     0.000119677259719    -0.000016066689833     0.000016066689833
    -0.000016066689833     0.000119677259719    -0.000016066689833
     0.000016066689833    -0.000016066689833     0.000119677259719
1 76
    -0.000017001487527    -0.000207933061448    -0.000000000000000
    -0.000207933061448    -0.000053251382017    -0.000000000000000
    -0.000000000000000    -0.000000000000000     0.000223308149425
1 77
     0.000955582479029    -0.000000000000000    -0.000802601144314
    -0.000000000000000     0.000328021204815     0.000000000000000
    -0.000802601144314     0.000000000000000     0.000955582479029
1 78
     0.000521573631448     0.000142735762011    -0.000142735762011
     0.000142735762011    -0.000294430836499    -0.000585539361826
    -0.000142735762011    -0.000585539361826    -0.000294430836499
1 79
     0.000223308149425    -0.000000000000000     0.000000000000000
    -0.000000000000000    -0.000017001487527     0.000207933061448
     0.000000000000000     0.000207933061448    -0.000053251382017
1 80
    -0.000172897591985     0.000000000000000    -0.000000000000000
     0.000000000000000    -0.000172897591985    -0.000000000000000
    -0.000000000000000    -0.000000000000000     0.000025017844837
1 81
    -0.000172897591985     0.000000000000000     0.000000000000000
     0.000000000000000     0.000025017844837    -0.000000000000000
     0.000000000000000    -0.000000000000000    -0.000172897591985
1 82
     0.000223308149425    -0.000000000000000     0.000000000000000
    -0.000000000000000    -0.000053251382017     0.000207933061448
     0.000000000000000     0.000207933061448    -0.000017001487527
1 83
    -0.000187851013002     0.000000000000000    -0.000000000000000
     0.000000000000000    -0.000235526795091    -0.000000000000000
    -0.000000000000000    -0.000000000000000    -0.000048624209505
1 84
    -0.000187851013002     0.000000000000000     0.000000000000000
     0.000000000000000    -0.000048624209505    -0.000000000000000
     0.000000000000000    -0.000000000000000    -0.000235526795091
1 85
     0.000119677259719    -0.000016066689833    -0.000016066689833
    -0.000016066689833     0.000119677259719     0.000016066689833
    -0.000016066689833     0.000016066689833     0.000119677259719
1 86
     0.000025017844837     0.000000000000000     0.000000000000000
     0.000000000000000    -0.000172897591985    -0.000000000000000
     0.000000000000000    -0.000000000000000    -0.000172897591985
1 87
     0.000119677259719     0.000016066689833     0.000016066689833
     0.000016066689833     0.000119677259719     0.000016066689833
     0.000016066689833     0.000016066689833     0.000119677259719
1 88
     0.000521573631448     0.000142735762011     0.000142735762011
     0.000142735762011    -0.000294430836499     0.000585539361826
     0.000142735762011     0.000585539361826    -0.000294430836499
1 89
     0.002914714415505    -0.000000000000000     0.000000000000000
    -0.000000000000000    -0.000080530331165    -0.000000000000000
     0.000000000000000    -0.000000000000000    -0.000080530331165
1 90
     0.000521573631448    -0.000142735762011    -0.000142735762011
    -0.000142735762011    -0.000294430836499     0.000585539361826
    -0.000142735762011     0.000585539361826    -0.000294430836499
1 91
    -0.000053251382017    -0.000207933061448    -0.000000000000000
    -0.000207933061448    -0.000017001487527    -0.000000000000000
    -0.000000000000000    -0.000000000000000     0.000223308149425
1 92
    -0.000053251382017     0.000000000000000     0.000207933061448
     0.000000000000000     0.000223308149425    -0.000000000000000
     0.000207933061448    -0.000000000000000    -0.000017001487527
1 93
    -0.000294430836499     0.000142735762011     0.000585539361826
     0.000142735762011     0.000521573631448     0.000142735762011
     0.000585539361826     0.000142735762011    -0.000294430836499
1 94
    -0.030166942370485    -0.031896018217641    -0.000000000000000
    -0.031896018217641    -0.030166942370485    -0.000000000000000
    -0.000000000000000    -0.000000000000000     0.002459983505561
1 95
    -0.030166942370485     0.000000000000000     0.031896018217641
     0.000000000000000     0.002459983505561    -0.000000000000000
     0.031896018217641    -0.000000000000000    -0.030166942370485
1 96
    -0.000294430836499    -0.000585539361826    -0.000142735762011
    -0.000585539361826    -0.000294430836499     0.000142735762011
    -0.000142735762011     0.000142735762011     0.000521573631448
1 97
     0.000328021204815    -0.000000000000000     0.000000000000000
    -0.000000000000000     0.000955582479029    -0.000802601144314
     0.000000000000000    -0.000802601144314     0.000955582479029
1 98
    -0.000235526795091     0.000000000000000    -0.000000000000000
     0.000000000000000    -0.000187851013002    -0.000000000000000
    -0.000000000000000    -0.000000000000000    -0.000048624209505
1 99
    -0.000080530331165    -0.000000000000000    -0.000000000000000
    -0.000000000000000     0.002914714415505     0.000000000000000
    -0.000000000000000     0.000000000000000    -0.000080530331165
1 100
     0.002459983505561    -0.000000000000000     0.000000000000000
    -0.000000000000000    -0.030166942370485     0.031896018217641
     0.000000000000000     0.031896018217641    -0.030166942370485
1 101
    -0.000080530331165     0.000000000000000    -0.000000000000000
     0.000000000000000    -0.000080530331165     0.000000000000000
    -0.000000000000000     0.000000000000000     0.002914714415505
1 102
    -0.000235526795091     0.000000000000000    -0.000000000000000
     0.000000000000000    -0.000048624209505    -0.000000000000000
    -0.000000000000000    -0.000000000000000    -0.000187851013002
1 103
    -0.000294430836499     0.000142735762011    -0.000585539361826
     0.000142735762011     0.000521573631448    -0.000142735762011
    -0.000585539361826    -0.000142735762011    -0.000294430836499
1 104
    -0.000048624209505     0.000000000000000     0.000000000000000
     0.000000000000000    -0.000187851013002    -0.000000000000000
     0.000000000000000    -0.000000000000000    -0.000235526795091
1 105
    -0.000294430836499    -0.000142735762011     0.000585539361826
    -0.000142735762011     0.000521573631448    -0.000142735762011
     0.000585539361826    -0.000142735762011    -0.000294430836499
1 106
    -0.000294430836499    -0.000585539361826     0.000142735762011
    -0.000585539361826    -0.000294430836499    -0.000142735762011
     0.000142735762011    -0.000142735762011     0.000521573631448
1 107
    -0.000048624209505     0.000000000000000     0.000000000000000
     0.000000000000000    -0.000235526795091    -0.000000000000000
     0.000000000000000    -0.000000000000000    -0.000187851013002
1 108
    -0.000294430836499     0.000585539361826    -0.000142735762011
     0.000585539361826    -0.000294430836499    -0.000142735762011
    -0.000142735762011    -0.000142735762011     0.000521573631448